name,email,phone
Elvis Bode Jr., samual.yundt@hotmail.com, (505) 293-3732
Barbra Anderson, kurtis.anderson@yahoo.com, (929) 386-6433
Doria Hammes, howard.jacobi@gmail.com, (747) 598-0787
Jaye Pollich, phillip.bogisich@gmail.com, (983) 707-6107
Mr. Myrl Brown, arnold.feeney@yahoo.com, (240) 540-0931
Long Krajcik, joni.donnelly@hotmail.com, (650) 772-1427
Hong Beahan, isiah.champlin@yahoo.com, (337) 554-9094
Ozzie Haley, ike.hills@hotmail.com, (631) 490-0275
Cierra Wiegand, leonard.frami@gmail.com, (586) 550-6690
Fidel Reilly, alexandria.casper@yahoo.com, (505) 642-4090
Stephen Collier, fidel.will@yahoo.com, (864) 260-5969
Clyde Dibbert, bryan.brakus@hotmail.com, (305) 208-5185
Ed Emmerich, casandra.walsh@hotmail.com, (505) 643-9054
Dean Hammes, elvis.koch@gmail.com, (305) 270-9145
Jere Huels, linette.huel@gmail.com, (701) 805-9281
Paulina Jacobi, charlene.gutkowski@hotmail.com, (305) 205-6907
Darlena Robel, thanh.dickens@yahoo.com, (505) 641-8573
Donovan Homenick, chelsea.mann@hotmail.com, (270) 241-9820
Mr. Liliana Strosin, sueann.kiehn@gmail.com, (505) 631-0283
Mr. Zula Schimmel, shawanda.ward@hotmail.com, (305) 351-6893
Dr. Tomas Fay, alvaro.mclaughlin@hotmail.com, (636) 936-4047
Hugo Jacobs, minh.jast@yahoo.com, (305) 203-7987
Anton Quitzon, bernard.rath@gmail.com, (274) 283-7294
Tarah Morissette, rickie.schuppe@hotmail.com, (274) 269-2759
Ivory Hansen, gerard.mclaughlin@gmail.com, (908) 472-7085
Michelle Green, susy.macejkovic@yahoo.com, (505) 633-9960
Alycia Osinski, randell.spinka@yahoo.com, (305) 267-4186
Jannet Zieme, hank.schowalter@hotmail.com, (505) 648-0973
Frank Dach, annabell.skiles@hotmail.com, (305) 239-6650
Merle Wisozk II, lean.brakus@hotmail.com, (802) 697-0284
Mrs. Paul Brown, tiffany.steuber@gmail.com, (305) 285-5784
Jewell Green, rolando.braun@yahoo.com, (305) 645-4162
Whitley Klocko, rosario.harvey@yahoo.com, (707) 559-8440
Ms. Buddy Pfannerstill, melodee.beahan@hotmail.com, (983) 290-2499
Mindy Cremin, maura.cummerata@yahoo.com, (240) 319-6845
Sammy Wilderman, jc.oconnell@hotmail.com, (843) 891-5127
Ma Hessel, gabriele.gusikowski@yahoo.com, (425) 415-1879
Alona O'Keefe III, joesph.hills@gmail.com, (305) 236-8912
Abram Lindgren, marquis.stokes@yahoo.com, (305) 285-8807
Lynwood Reilly, elda.champlin@hotmail.com, (305) 985-9300
Rico Murray, kieth.pfeffer@hotmail.com, (945) 813-7820
Amos Kuphal, milford.mcdermott@gmail.com, (305) 296-7258
Muriel Rempel, jeromy.heller@hotmail.com, (983) 797-7595
Ricardo Koss, harley.mitchell@gmail.com, (305) 484-4673
Miss Brooke Torphy, otto.ebert@hotmail.com, (305) 817-1844
Nanette Green, miguel.hodkiewicz@yahoo.com, (534) 303-8028
Kanesha Wyman, kerry.runolfsson@hotmail.com, (505) 643-5036
Santos Rempel, rudolf.strosin@hotmail.com, (505) 653-6701
Emery White, delmer.rippin@hotmail.com, (414) 727-5570
Ivonne Bogisich, kathlene.reinger@yahoo.com, (541) 390-4070
Sal Lockman, junita.davis@hotmail.com, (472) 938-3758
Brock Lebsack II, mario.auer@yahoo.com, (630) 526-5318
Branden Flatley, numbers.fisher@yahoo.com, (305) 604-0888
Gregory Beier, lucina.larson@yahoo.com, (512) 671-5686
Erlene O'Reilly, freeda.kilback@hotmail.com, (505) 688-1387
Daniel Homenick MD, le.mraz@gmail.com, (480) 991-9295
Quiana Daugherty, morton.hahn@hotmail.com, (747) 698-1233
Daniel Bernhard, vickey.boyle@gmail.com, (505) 640-9906
Dr. Rosalba Hermann, kathrine.gerhold@gmail.com, (425) 367-8874
Darron Crist, floyd.gutkowski@yahoo.com, (983) 459-9224
Ismael Schultz, daniel.friesen@gmail.com, (540) 507-6064
Jared Hackett, malik.adams@yahoo.com, (631) 491-7932
Alfred Schuster, amberly.mccullough@gmail.com, (274) 235-3981
Mitchell Hane, homer.rowe@yahoo.com, (505) 628-1154
Gerda Feil, paulina.russel@gmail.com, (970) 437-6705
Margrett Corkery, moshe.hessel@gmail.com, (505) 688-4898
Melani Smitham DDS, karla.robel@hotmail.com, (505) 640-5177
Loise Rutherford, ignacio.hammes@hotmail.com, (609) 691-9030
Nelda Schroeder, edison.ratke@yahoo.com, (305) 280-6428
Hollie Johnston V, guadalupe.schultz@yahoo.com, (505) 620-7034
Katia Labadie, dalila.okuneva@yahoo.com, (305) 205-3178
Virgil Treutel, gregg.schiller@yahoo.com, (505) 669-3383
Normand Ortiz IV, clint.mcclure@yahoo.com, (305) 204-6175
Josephine Bernhard, refugio.rempel@gmail.com, (274) 240-8287
Ms. Young Auer, dannie.lowe@hotmail.com, (305) 200-2918
Earline Waelchi, magdalena.hessel@gmail.com, (983) 243-9074
Javier White, dana.feil@yahoo.com, (505) 658-4828
Ariana O'Kon, christia.walsh@hotmail.com, (505) 654-5609
Miss Doretta Bashirian, emilie.kuvalis@gmail.com, (814) 585-7561
Bernadette Reynolds, elza.welch@gmail.com, (983) 711-2046
Leigh Altenwerth, violette.goyette@hotmail.com, (505) 294-7547
Basil Stoltenberg, corrie.shanahan@yahoo.com, (920) 772-3446
Gilbert O'Keefe, ute.boyer@hotmail.com, (472) 432-8738
Francine Nader, cathey.hudson@yahoo.com, (305) 200-8388
Mirella Jakubowski, rodger.mertz@yahoo.com, (505) 642-8607
Scott Lubowitz, jermaine.herman@yahoo.com, (305) 208-7622
Tracey Bogan IV, verline.kutch@yahoo.com, (305) 239-6253
Elayne Gutkowski, christine.jenkins@hotmail.com, (305) 602-5909
Mignon Gibson, zackary.bashirian@yahoo.com, (305) 205-5664
Clair Cartwright MD, lorilee.stokes@yahoo.com, (305) 288-5646
Miss Billie Mosciski, johnathon.parker@yahoo.com, (505) 622-9624
Frederic Mosciski, grady.trantow@gmail.com, (274) 204-2530
Dr. Desirae Aufderhar, mandi.rath@yahoo.com, (274) 235-2880
Dorie Littel, lajuana.donnelly@yahoo.com, (305) 203-3280
Del Schimmel I, debbi.stroman@hotmail.com, (678) 611-4341
Jake Reichert V, maisha.roberts@yahoo.com, (701) 424-6771
Orville McKenzie, frankie.smith@hotmail.com, (283) 457-9565
Brian Jacobs MD, olin.dietrich@gmail.com, (274) 200-5997
Edwardo Sipes MD, karly.crooks@hotmail.com, (681) 868-4732
Mr. Idell Beier, vanda.prosacco@hotmail.com, (305) 999-0119
Rafael Schamberger, lavonia.lynch@gmail.com, (505) 354-3747
George Cronin, ken.zemlak@gmail.com, (305) 250-5827
Amy O'Conner MD, bradly.feil@gmail.com, (754) 711-3159
Sunday McGlynn, wilhelmina.bode@gmail.com, (472) 895-2964
Odessa Rempel, tammi.grimes@hotmail.com, (305) 207-1331
Santa Hauck, reyes.hintz@hotmail.com, (817) 538-7845
Moshe Schaefer, mireya.murphy@hotmail.com, (505) 651-7863
Mason Roob, myles.ritchie@gmail.com, (505) 440-9311
Lara Turner, genna.lubowitz@yahoo.com, (425) 448-2193
Tommy Harvey, georgeann.flatley@gmail.com, (248) 661-8782
Kenyatta Douglas, clark.shanahan@yahoo.com, (505) 648-5905
Maia Sporer, florentino.stiedemann@hotmail.com, (305) 217-2208
Trevor Stiedemann, ramon.hagenes@hotmail.com, (305) 204-2670
Emile Brown, lois.ferry@hotmail.com, (541) 729-5105
Lamont Rutherford, rachel.hane@yahoo.com, (305) 272-9481
Mrs. Katharina McLaughlin, josiah.mayer@yahoo.com, (541) 656-6129
Mike Borer III, orlando.bradtke@gmail.com, (956) 415-1878
Waldo O'Reilly, barney.rolfson@gmail.com, (305) 806-6027
Claretta Towne, lawrence.oberbrunner@gmail.com, (305) 252-8523
Katrina Swift I, delmer.daniel@hotmail.com, (472) 911-3154
Tami Waters, manie.pagac@gmail.com, (472) 720-2716
Edyth Cormier MD, brain.schuppe@gmail.com, (505) 637-4090
Wilbert Jacobson, lizzie.bradtke@yahoo.com, (305) 516-1528
Dante Kilback, jorge.legros@hotmail.com, (505) 213-4061
Corliss Morissette, herb.erdman@yahoo.com, (848) 501-3631
Allyn Robel DDS, jules.conn@gmail.com, (336) 456-3222
Vernetta Kuhic DVM, bud.nitzsche@hotmail.com, (274) 262-8899
Vern Ernser PhD, christian.price@yahoo.com, (539) 393-8653
Jamar Boehm MD, elisha.kassulke@hotmail.com, (505) 676-9948
Jon Wuckert, dorothea.bergnaum@yahoo.com, (478) 209-0078
Adena Emmerich, travis.kemmer@hotmail.com, (983) 848-3534
Cleo Stoltenberg Jr., theo.dare@hotmail.com, (484) 658-9376
Glenna Collins, louisa.ward@yahoo.com, (505) 641-8657
Ted Trantow, kasi.skiles@yahoo.com, (305) 411-2272
Kerry Walker, gayle.bayer@yahoo.com, (983) 737-4220
Clyde Feil, afton.quitzon@gmail.com, (505) 644-0969
Jody Rice, kathryne.borer@hotmail.com, (505) 646-5639
Sharri Kuhlman, freida.kirlin@gmail.com, (505) 644-4415
Chang Howell, aron.turner@hotmail.com, (983) 914-5720
Ocie Altenwerth, isreal.ratke@hotmail.com, (305) 206-0578
Jeri Schaefer, martin.hane@yahoo.com, (731) 997-9081
Eusebio Kiehn III, carolina.crona@hotmail.com, (472) 419-6264
Leo Hammes I, brandon.rodriguez@hotmail.com, (615) 552-4794
Alta Willms, kristle.hamill@yahoo.com, (629) 478-9722
Dr. Daryl Tremblay, lupe.grant@yahoo.com, (505) 613-2521
Mrs. Noreen Ferry, johnathan.wehner@gmail.com, (586) 316-5172
Mr. Mirian Sawayn, mimi.schimmel@yahoo.com, (305) 204-6688
Dominick Mraz V, vernon.jacobson@yahoo.com, (505) 644-6235
Polly Cummerata, danika.hettinger@yahoo.com, (305) 673-5663
Harry Ratke, bret.wiegand@hotmail.com, (754) 648-5162
Miss Evangeline Reinger, nikole.witting@yahoo.com, (305) 618-7146
Ka Kutch, herminia.kuhlman@yahoo.com, (505) 802-2090
Amada Roberts, chan.smitham@gmail.com, (472) 831-6199
Weston Collins, anthony.bergstrom@yahoo.com, (341) 408-9843
Jayme Toy DVM, margarito.sawayn@yahoo.com, (505) 398-6191
Mr. Wade Keeling, lewis.schaefer@gmail.com, (505) 640-6023
Collen Franecki MD, miquel.pfannerstill@gmail.com, (505) 584-0197
Marinda Mayer, burt.mclaughlin@yahoo.com, (472) 818-0720
Arnoldo Brekke, ona.gerlach@hotmail.com, (505) 602-2708
Mr. Irvin Herman, stephan.kunze@hotmail.com, (305) 629-7426
Lester O'Conner, harry.denesik@hotmail.com, (220) 559-1683
Dr. Nicholas McKenzie, arthur.littel@gmail.com, (983) 211-1639
Rene Maggio, fernando.fisher@gmail.com, (274) 245-3141
Olevia Bergnaum, kenny.huel@hotmail.com, (305) 206-4509
Ms. Rick Conroy, cleo.conroy@hotmail.com, (274) 281-5000
Miss Carl Schinner, marcus.kemmer@hotmail.com, (274) 272-3759
Ms. Francis Sauer, chaya.carroll@hotmail.com, (472) 918-9143
Marco Wolff, arianne.considine@gmail.com, (472) 731-2548
Truman Shields, elvin.okon@gmail.com, (305) 299-6406
King Pagac, dianne.macejkovic@yahoo.com, (979) 212-6464
Imogene Russel, wilda.labadie@gmail.com, (458) 684-7724
Mollie Huel IV, wilton.borer@gmail.com, (989) 640-7527
Mr. Na Shanahan, bess.jakubowski@yahoo.com, (505) 606-4589
Cassaundra Muller MD, corrie.adams@yahoo.com, (274) 266-1230
Margeret Casper, becki.littel@yahoo.com, (472) 246-2650
Quinn Murphy, stanley.beer@yahoo.com, (505) 642-4518
Teresia Mills Sr., kaleigh.friesen@hotmail.com, (305) 470-2230
Bambi Reinger, dee.christiansen@yahoo.com, (505) 375-0783
Miguelina Bayer III, franklyn.quigley@hotmail.com, (541) 737-2746
Laureen Kirlin, bernard.doyle@yahoo.com, (472) 923-2152
Roberto Brakus V, cheyenne.graham@gmail.com, (505) 644-3069
Freida Boyer, luis.kuphal@hotmail.com, (505) 663-7429
Dr. Reinaldo Wisozk, moon.schamberger@hotmail.com, (321) 828-9591
Miss Lance O'Reilly, allen.hansen@gmail.com, (472) 213-6063
Star Heller, alex.fay@gmail.com, (443) 802-1745
Vicki Parisian, forrest.collins@gmail.com, (205) 301-2745
Amina Fadel Jr., rasheeda.lindgren@gmail.com, (616) 243-9852
Davina Kilback, eliz.runolfsdottir@hotmail.com, (731) 862-6944
Alfred Smith, sage.maggio@gmail.com, (983) 847-3562
Linwood Harvey, tammi.doyle@hotmail.com, (472) 956-8191
Guillermina Weissnat II, cami.davis@gmail.com, (505) 209-8951
Mr. Karan Friesen, lonnie.denesik@yahoo.com, (703) 882-2656
Marissa Hayes, yetta.bins@yahoo.com, (862) 907-1594
Coralie O'Keefe, laurence.dicki@yahoo.com, (346) 649-4807
Damon Mueller, josie.trantow@hotmail.com, (943) 512-2689
Morton Wilkinson, lyman.schroeder@yahoo.com, (305) 784-7860
Thurman Moen, alexander.schultz@hotmail.com, (678) 948-6643
Alexa Wolff, lauralee.schinner@yahoo.com, (472) 247-6887
Armanda Lebsack III, tod.skiles@yahoo.com, (505) 643-9967
Kraig Mueller III, muoi.gutkowski@hotmail.com, (283) 898-3890
